%YAML:1.0

#common parameters
imu: 0
num_of_cam: 2  

image0_topic: "/camera/infra1/image_rect_raw"
image1_topic: "/camera/infra2/image_rect_raw"
output_path: "/home/tony-ws1/output/"

cam0_calib: "cam0_mei.yaml"
cam1_calib: "cam1_mei.yaml"
image_width: 640
image_height: 480

# Extrinsic parameter between IMU and Camera.
estimate_extrinsic: 1   # 0  Have an accurate extrinsic parameters. We will trust the following imu^R_cam, imu^T_cam, don't change it.
                        # 1  Have an initial guess about extrinsic parameters. We will optimize around your initial guess.

body_T_cam0: !!opencv-matrix
   rows: 4
   cols: 4
   dt: d
   data: [0.99998514089921520551, 0.005017264093426008356, -0.0021297794522275713664, 0.004651247505937338681,
          -0.0050142058226576088605, 0.99998639273669268099, 0.0014369404919551904253	, -0.0082346330724775892185,
          0.002136960518268850472, -0.0014262394850484669969, 0.99999669923015518423, -0.024262791259650795675,
          0, 0, 0, 1]

body_T_cam1: !!opencv-matrix
   rows: 4
   cols: 4
   dt: d
   data: [0.99998721312399267474, 0.0049948072957278643079, 0.00078651150306458218288, -0.044890253483450588589,
          -0.0049964926791343872023, 0.9999852028523040801, 0.0021522077268323644184, -0.0083346323005122927083,
          -0.0007757484817036985399, -0.0021561122898922427035, 0.99999737939095375707, -0.022966005888344732062,
          0, 0, 0, 1]

#Multiple thread support
multiple_thread: 0

#feature traker paprameters
max_cnt: 200            # max feature number in feature tracking
min_dist: 30            # min distance between two features 
freq: 10                # frequence (Hz) of publish tracking result. At least 10Hz for good estimation. If set 0, the frequence will be same as raw image 
F_threshold: 1.0        # ransac threshold (pixel)
show_track: 1           # publish tracking image as topic
flow_back: 1            # perform forward and backward optical flow to improve feature tracking accuracy

#optimization parameters
max_solver_time: 0.08  # max solver itration time (s), to guarantee real time
max_num_iterations: 10   # max solver itrations, to guarantee real time
keyframe_parallax: 15 # keyframe selection threshold (pixel)

#imu parameters       The more accurate parameters you provide, the better performance
acc_n: 0.1          # accelerometer measurement noise standard deviation. #0.2   0.04
gyr_n: 0.01         # gyroscope measurement noise standard deviation.     #0.05  0.004
acc_w: 0.001         # accelerometer bias random work noise standard deviation.  #0.02
gyr_w: 1.0e-4       # gyroscope bias random work noise standard deviation.     #4.0e-5
g_norm: 9.81007     # gravity magnitude

#unsynchronization parameters
estimate_td: 0                      # online estimate time offset between camera and imu
td: 0.0                             # initial value of time offset. unit: s. readed image clock + td = real image clock (IMU clock)

