%YAML:1.0
---
body_T_cam0: !!opencv-matrix
   rows: 4
   cols: 4
   dt: d
   data: [ -9.9969832668014647e-01, 2.1601446387395397e-02,
       -1.1689018217443191e-02, 5.2722854381990779e-02,
       2.0762354462547317e-02, 4.8898214945713003e-01,
       -8.7204666282800292e-01, -1.9966636021219542e-01,
       -1.3121747981377253e-02, -8.7202628115571013e-01,
       -4.8928313347555297e-01, -1.0477443605249095e-01, 0., 0., 0., 1. ]
body_T_cam1: !!opencv-matrix
   rows: 4
   cols: 4
   dt: d
   data: [ -9.9969373853233234e-01, 2.1711829864338422e-02,
       -1.1875419284866764e-02, 1.3339374658877248e-03,
       2.0975997615602704e-02, 4.8878401816777473e-01,
       -8.7215261916008435e-01, -1.9803961136426801e-01,
       -1.3131514127456629e-02, -8.7213461118551350e-01,
       -4.8908974974846320e-01, -1.0669792387623402e-01, 0., 0., 0., 1. ]
